1	2	18
2	3	25
3	4	5
4	5	21
5	6	89
6	7	9
7	8	19
8	9	25
9	10	33
10	11	84
11	12	46
12	13	18
13	14	54
14	15	76
15	16	88
16	17	28
17	18	60
18	19	85
19	20	74
20	21	40
21	22	41
22	23	6
23	24	52
24	25	66
25	26	40
26	27	36
27	28	15
28	29	67
29	30	84
30	31	21
31	32	40
32	33	46
33	34	11
34	35	10
35	36	55
36	37	10
37	38	44
38	39	55
39	40	67
40	41	24
41	42	2
42	43	7
43	44	38
44	45	66
45	46	85
46	47	43
47	48	42
48	49	33
49	50	77
50	51	68
51	52	18
52	53	36
53	54	13
54	55	37
55	56	5
56	57	55
57	58	27
58	59	49
59	60	13
60	61	38
61	62	43
62	63	74
63	64	47
64	65	70
65	66	3
66	67	90
67	68	33
68	69	27
69	70	35
70	71	23
71	72	85
72	73	19
73	74	38
74	75	5
75	76	62
76	77	89
77	78	42
78	79	76
79	80	7
80	81	48
81	82	15
82	83	97
83	84	19
84	85	87
85	86	41
86	87	72
87	88	12
88	89	31
89	90	59
90	91	75
91	92	36
92	93	67
93	94	44
94	95	75
95	96	89
96	97	94
97	98	71
98	99	15
99	100	16
100	99	54
99	98	9
98	97	24
97	96	27
96	95	72
95	94	36
94	93	3
93	92	64
92	91	97
91	90	11
90	89	43
89	88	51
88	87	86
87	86	62
86	85	44
85	84	14
84	83	44
83	82	23
82	81	71
81	80	17
80	79	16
79	78	40
78	77	35
77	76	78
76	75	50
75	74	26
74	73	56
73	72	16
72	71	5
71	70	29
70	69	21
69	68	99
68	67	55
67	66	57
66	65	20
65	64	66
64	63	25
63	62	3
62	61	1
61	60	87
60	59	84
59	58	50
58	57	85
57	56	98
56	55	84
55	54	27
54	53	32
53	52	62
52	51	60
51	50	33
50	49	28
49	48	66
48	47	62
47	46	29
46	45	68
45	44	35
44	43	18
43	42	86
42	41	82
41	40	24
40	39	96
39	38	2
38	37	20
37	36	13
36	35	71
35	34	86
34	33	40
33	32	65
32	31	64
31	30	44
30	29	19
29	28	91
28	27	79
27	26	70
26	25	89
25	24	9
24	23	28
23	22	23
22	21	40
21	20	72
20	19	92
19	18	10
18	17	95
17	16	83
16	15	38
15	14	26
14	13	94
13	12	39
12	11	89
11	10	74
10	9	36
9	8	34
8	7	7
7	6	21
6	5	13
5	4	59
4	3	34
3	2	19
2	1	26
61	17	60
71	95	14
41	84	69
3	82	26
54	31	72
43	75	32
90	94	11
58	15	27
3	84	47
32	69	5
27	98	83
65	81	52
39	23	23
65	16	61
81	86	84
50	53	36
53	88	81
12	43	3
47	26	57
68	21	98
95	44	72
43	96	96
14	72	89
62	30	46
79	36	12
19	18	89
65	44	94
51	31	0
99	23	96
30	54	8
31	21	20
95	91	36
54	71	28
87	48	58
2	33	58
54	65	39
2	58	88
61	14	62
23	67	52
93	75	46
56	2	13
2	96	10
88	4	7
61	76	96
85	19	11
17	92	31
1	30	57
88	71	63
60	21	63
40	51	90
7	53	48
81	80	1
84	67	99
92	16	36
41	68	49
33	86	97
52	49	44
16	42	45
21	69	3
6	92	34
10	100	94
85	48	59
93	34	17
82	64	5
29	31	16
35	25	21
19	78	55
54	77	90
86	27	27
72	43	39
37	65	85
73	20	5
6	68	69
18	19	6
80	40	75
43	27	29
88	74	5
37	78	72
76	34	1
69	10	15
88	62	22
31	64	92
89	66	74
17	41	43
6	46	96
85	79	3
46	91	0
93	74	46
90	28	9
11	56	93
37	43	23
2	1	70
79	70	30
22	15	24
80	27	56
50	79	41
68	3	99
25	99	33
7	5	37
76	98	58
27	49	16
24	38	22
53	37	24
89	22	67
83	74	64
99	73	73
99	65	24
43	85	3
19	55	93
70	41	63
79	81	84
65	92	10
75	86	24
100	93	80
55	95	42
76	74	13
68	50	55
23	54	19
13	82	44
5	99	35
19	17	69
91	49	77
13	23	46
86	83	24
12	18	77
6	76	90
91	83	89
18	92	77
24	81	39
77	27	64
34	40	58
29	59	30
99	11	0
15	65	10
15	5	9
12	80	92
70	50	71
33	10	84
68	50	70
68	50	29
92	34	43
97	21	32
95	61	36
32	33	62
50	89	10
62	3	82
88	18	54
99	10	64
79	89	7
3	58	54
72	59	53
95	49	7
29	28	39
93	76	88
5	14	28
54	80	9
94	83	71
8	2	87
80	54	0
4	96	18
37	71	69
1	35	60
2	39	76
94	92	93
8	68	35
30	34	45
53	3	50
58	67	32
53	83	16
17	10	92
31	18	24
61	55	48
32	64	21
57	36	17
39	16	15
51	61	97
22	91	37
24	29	57
84	75	45
6	78	53
98	70	43
83	29	84
56	49	44
80	20	2
94	48	28
48	15	86
64	55	12
11	6	87
15	74	39
9	57	98
27	12	67
1	35	97
100	34	8
25	39	78
37	95	12
67	70	93
13	6	28
51	60	54
88	84	97
96	23	23
81	13	49
78	5	12
41	22	15
81	77	18
25	95	23
47	17	96
57	78	99
45	18	25
40	60	14
31	61	2
69	53	20
22	87	93
82	38	23
79	80	45
92	69	63
28	32	26
98	24	18
70	60	0
73	18	66
30	65	58
3	71	73
38	19	60
99	82	84
88	79	54
95	26	3
3	66	34
26	55	49
93	42	14
15	42	93
40	46	49
25	83	10
27	20	97
94	51	91
51	27	14
59	14	57
82	66	30
33	77	60
54	70	26
44	80	71
35	8	0
100	16	42
88	31	69
49	36	98
25	23	74
21	35	57
19	77	8
56	59	62
44	99	11
75	97	6
58	36	96
77	34	50
80	45	30
16	80	20
65	85	58
12	76	47
12	4	28
74	52	8
30	100	54
7	76	64
73	50	97
16	96	76
7	79	65
69	46	77
45	95	26
4	86	43
83	60	36
24	48	12
86	50	19
92	30	12
56	48	46
96	64	43
62	68	37
56	51	46
31	64	22
56	36	17
48	82	85
85	50	61
93	51	99
44	78	35
86	64	48
16	75	34
54	55	30
5	2	61
93	66	67
72	71	77
45	68	62
89	19	46
60	57	47
92	64	41
85	49	94
34	40	22
49	95	31
17	5	42
7	88	89
82	30	58
52	83	21
77	80	51
90	51	2
83	63	80
57	80	3
59	27	50
91	49	31
8	63	1
32	8	94
20	31	22
76	11	37
13	11	77
68	81	15
63	48	3
95	41	27
38	76	89
79	29	94
78	15	46
94	5	39
40	47	19
1	34	88
76	99	72
98	6	81
52	21	47
48	27	32
73	12	91
65	5	72
32	50	97
92	88	53
2	96	57
15	33	24
45	34	21
16	4	93
8	58	88
50	37	99
81	35	72
83	2	34
77	83	55
62	22	66
100	88	26
80	51	85
14	16	68
47	25	17
86	56	75
21	61	8
16	47	19
8	71	19
14	45	82
85	43	71
41	76	58
9	70	99
98	57	85
69	20	43
73	46	54
22	17	34
8	40	39
93	57	94
2	7	92
77	30	28
11	6	96
47	85	79
12	17	5
49	21	64
55	58	0
37	53	76
33	61	95
4	75	46
9	100	0
56	84	80
98	44	18
55	80	74
5	18	69
5	76	36
44	6	47
99	52	39
1	40	34
52	86	3
60	91	86
35	17	50
88	48	12
58	50	71
56	25	42
23	78	28
99	9	64
77	84	40
57	52	96
83	81	66
43	27	99
77	88	84
59	23	75
12	40	52
22	3	14
60	32	33
91	56	66
47	34	27
74	33	47
81	37	62
34	13	54
9	80	42
37	6	61
44	14	71
7	37	20
37	43	95
54	8	7
81	20	38
19	86	4
35	87	35
64	92	54
10	86	27
3	56	27
49	82	52
26	40	52
43	66	79
25	78	1
24	29	87
7	6	17
86	8	77
27	34	41
25	8	78
55	25	58
87	14	97
13	97	71
13	92	58
89	62	66
87	68	16
29	82	65
83	32	50
53	97	41
52	71	2
64	31	37
10	95	3
48	29	8
59	74	17
73	50	57
46	62	57
26	63	28
16	12	77
85	60	16
9	39	12
36	54	67
66	79	9
56	94	94
56	3	69
17	19	50
68	46	82
60	28	77
91	23	44
25	60	65
64	33	91
3	36	85
65	18	38
18	39	98
23	59	58
93	22	91
30	35	83
78	46	29
51	95	31
3	30	99
86	95	64
32	50	23
88	35	45
59	35	6
73	80	47
29	67	42
47	77	95
72	45	81
70	15	1
16	42	8
52	11	38
50	29	93
47	39	98
61	46	69
48	16	74
71	53	30
9	40	3
84	76	57
16	94	8
87	72	61
16	30	26
90	48	11
64	15	98
77	42	15
99	3	6
2	85	72
30	88	88
4	76	59
19	12	3
9	91	7
6	12	34
49	34	69
61	97	85
88	55	59
24	98	35
9	20	52
14	50	41
71	33	71
17	15	7
62	35	7
32	75	85
11	34	55
42	86	44
70	63	59
68	87	8
33	99	33
95	32	1
16	84	6
4	29	45
57	29	91
45	60	71
46	28	84
52	19	67
41	99	12
46	69	48
99	66	98
52	7	8
36	37	88
46	71	94
96	77	49
93	34	52
84	60	10
6	9	42
64	9	99
56	22	40
8	24	56
77	76	43
42	52	68
68	8	82
34	51	27
19	22	83
65	89	39
87	23	18
80	16	6
9	60	82
51	48	53
14	91	92
28	76	92
9	87	53
86	36	49
99	75	28
15	67	63
75	27	62
52	95	75
93	25	91
64	26	84
22	30	57
76	29	17
91	23	83
59	27	87
78	81	88
54	81	54
10	1	22
5	18	81
25	30	92
48	24	27
59	32	58
89	40	26
75	45	91
11	41	54
91	35	84
36	70	67
68	47	32
41	62	49
34	19	11
31	32	70
91	96	76
43	4	19
60	21	37
2	77	75
71	69	36
32	40	81
30	23	97
85	91	22
97	31	56
57	62	97
9	22	98
59	91	83
16	47	3
67	12	27
82	48	86
26	10	26
85	23	71
64	43	28
56	71	72
12	57	20
21	12	56
75	10	76
2	73	19
78	27	14
17	40	20
67	68	80
75	59	98
83	100	16
38	46	47
54	14	68
41	53	17
60	35	69
11	46	53
91	36	67
45	51	81
57	12	10
98	83	16
67	81	1
56	47	4
1	35	88
86	38	21
1	39	74
47	23	9
88	8	64
37	74	16
75	10	13
24	98	10
70	56	21
18	67	73
77	57	83
10	29	18
18	74	57
75	12	8
32	33	40
9	80	0
8	90	66
80	91	66
9	98	83
61	26	52
10	24	14
85	69	68
61	89	37
44	14	83
21	80	80
50	28	40
33	15	3
83	1	41
89	4	62
76	54	95
28	29	95
79	21	84
100	12	27
21	45	74
36	68	33
22	74	42
56	21	20
20	21	8
78	26	28
97	99	84
94	92	73
62	25	21
5	8	3
70	83	13
16	64	66
80	83	81
87	88	27
1	47	69
59	6	92
89	78	72
97	100	38
41	68	37
68	64	47
31	22	56
58	98	97
39	56	57
41	2	49
61	97	12
57	19	16
7	19	78
2	14	12
83	92	15
66	33	22
94	48	63
73	45	66
10	68	68
9	77	87
49	53	77
26	22	93
35	54	24
15	21	39
81	47	44
9	16	99
67	97	51
92	68	35
69	29	96
26	89	65
34	4	71
77	50	90
19	87	36
97	72	72
41	4	48
32	45	97
39	13	63
11	30	49
10	63	50
18	45	5
57	8	52
85	91	47
69	94	25
54	57	56
93	67	0
9	77	49
5	52	75
33	61	35
91	98	36
11	51	35
33	13	31
77	17	84
98	17	18
13	36	39
31	78	32
51	66	18
1	68	55
2	29	63
23	48	22
66	73	5
46	13	10
91	81	33
22	79	91
69	8	68
73	75	6
14	27	64
95	26	51
10	7	92
62	3	91
11	8	3
50	28	31
33	100	4
8	34	60
60	42	49
30	18	77
57	85	20
11	72	54
50	95	39
36	93	63
84	57	80
23	83	52
16	46	79
26	60	7
31	51	59
26	46	76
19	58	78
84	64	20
67	63	98
80	15	16
52	47	54
44	62	13
96	10	22
15	69	34
47	2	59
50	20	57
96	62	28
65	5	59
71	35	64
43	30	50
45	84	85
30	89	66
86	94	24
7	72	73
40	51	67
1	68	92
80	14	34
64	66	29
93	58	12
19	90	49
65	36	32
98	17	87
78	85	94
80	40	47
73	93	89
55	20	35
47	49	50
97	89	37
97	60	25
30	78	2
8	23	37
70	82	45
55	33	26
4	30	78
47	28	7
57	32	35
11	75	63
33	69	97
40	26	13
22	100	95
5	95	43
9	3	56
10	31	67
7	25	37
90	78	29
31	15	73
99	62	91
67	98	49
11	80	37
99	64	79
16	94	44
77	57	13
31	6	92
28	100	70
65	59	86
82	55	88
55	76	19
44	57	98
93	61	23
83	33	29
17	50	85
48	52	11
22	77	22
1	38	56
17	25	92
89	17	89
95	71	25
39	22	25
